
epoch = 1, i = 1, tr_loss = 9.046749114990234, acc = 0.0
epoch = 1, i = 101, tr_loss = 3.8491640090942383, acc = 0.2867365175341556